Coefficient : [1689.45605076 -150.66078476 1903.18131709 5598.20015763 -219.77630344
   79.38828176 5395.08335128  246.9105997  -399.95110005 -351.41016986
  148.68373771 -145.16346569  -64.21424903] 
Intercept : 13209.545651400495 
MAE : 3553.1093967077863 
MSE : 27707640.328430302 
RMSE : 5263.80473882061 
